-3.004500 48.855167
-3.147667 48.404000
-3.468667 48.755333
-3.376833 48.551667
-2.410833 48.182667
-3.473167 48.825833
-2.748333 48.265833
-3.251000 48.742000
-2.420000 48.519167
-3.307667 48.231500
-2.247000 48.644500
-2.852000 48.534667
-4.331000 48.676500
-4.412000 48.444167
-4.439333 48.279333
-5.057000 48.473333
-4.374833 47.797500
-3.853500 48.500000
-4.732000 48.038833
-4.664167 48.548000
-4.172500 47.972667
-4.098000 48.227667
-4.147167 48.525667
-4.077500 48.660333
-4.020500 48.391333
-3.729500 48.173500
-2.075833 48.589000
-2.430167 47.292333
-2.154500 47.313833
-2.298500 47.233667
-2.382667 47.512667
-2.971000 47.659167
-3.218333 47.294333
-2.728833 47.884333
-3.502333 47.652333
-2.387167 47.765500
-2.397500 47.950833
-2.945833 48.063667
-3.435667 47.762833
-2.797000 47.511667
-2.714167 47.604500
-2.621333 47.641500
-2.257167 47.004667
