-0.000000
-66.706640
199.815013
-2.197926
-150.099019
-30.962631
-341.747746
48.856239
-231.453559
13.492321
81.911196
75.549453
-139.502071
-18.004716
84.593813
-20.506545
37.005383
53.107375
3.997329
38.998182
37.098042
18.607461
-52.165777
-104.214113
38.770431
-28.419546
-16.379799
11.529526
9.946774
-4.374436
39.967567
40.587014
-21.504629
-33.593879
13.063933
10.422328
13.857898
-24.706430
-6.071872
-4.418566
-11.005276
37.270963
-32.607241
-38.949107
16.319398
29.366251
20.899287
-1.618145
-4.619190
14.303852
7.850862
6.359110
-33.017545
-32.352266
-13.645672
25.812163
6.274491
-22.072851
19.214089
17.290927
14.618591
14.260556
-21.690823
-10.209045
-2.624936
1.607887
3.385592
-21.561308
1.330125
9.040019
5.006115
-3.279507
1.256465
-3.068549
-4.776038
16.033665
6.592784
-4.113157
6.025736
-8.115444
5.429366
-6.212542
-12.191132
-4.603482
-17.149218
9.329548
17.386601
1.320136
1.974803
6.762050
11.332569
3.075766
-7.389915
-16.758943
-12.902264
7.646248
-0.633203
0.221525
-9.069337
3.681615
23.043740
-1.558829
-4.726996
-2.484751
-4.732855
11.547904
0.473199
-7.284262
-5.357801
1.561215
7.135101
-5.678686
-8.485281
-6.309938
7.233244
4.405688
1.723064
8.272359
-1.569013
6.561065
6.387069
-10.937897
-3.142732
-10.121338
-4.616265
-0.297265
-2.598049
7.573507
3.407911
2.598439
7.306161
5.386446
-1.563231
-6.862814
-2.157109
-5.207961
2.074735
2.080145
-9.116224
2.847684
1.296605
5.230015
1.618450
-10.423876
3.579916
6.178983
2.822987
3.207583
-4.986856
0.006424
3.226839
0.652434
-9.985673
-9.184282
0.988567
2.449638
6.301416
-1.969235
2.941379
9.952196
1.330093
3.554185
-6.472362
-9.457244
2.139740
-4.420648
-1.951786
-1.712981
1.191604
5.437796
2.656251
2.066969
-0.032623
0.511454
-1.623025
-0.097855
2.063324
-4.267986
3.077750
-1.632492
-4.327069
4.062879
-4.449110
-1.779806
-1.295324
-0.075732
8.019385
2.285564
0.766533
1.862556
1.118883
1.061548
-4.020172
-6.617456
-7.960254
2.879047
2.622852
-1.863914
3.363363
1.178055
7.874940
4.297188
-5.205489
-0.796098
-4.115171
0.352849
1.417918
-6.127700
-0.812808
2.000542
3.274606
-0.502721
-1.451711
-0.679515
0.803454
4.156810
-1.019439
1.118878
1.787531
-1.375159
3.532974
-5.434510
-3.887795
0.127531
-5.193577
1.132719
1.520553
2.625566
4.515259
1.868634
2.692659
0.911018
-0.645394
-4.349643
-4.264025
-2.163236
-2.113419
3.478208
-2.524037
0.417842
5.896333
0.613595
2.769130
-2.418469
-2.707151
3.343407
-0.686359
0.206728
-2.303290
-1.827991
2.489681
0.291094
-2.892113
-4.210007
1.833420
1.532931
2.192430
2.675825
-1.369537
4.810729
1.917172
-2.577249
-1.308939
-6.768917
-0.527569
-0.377570
-3.014537
2.092932
1.903970
3.501904
3.159104
1.591321
-0.389991
-1.332491
-0.488032
-3.567542
-0.412821
-0.966616
-1.227545
2.402119
-2.467941
2.602942
1.579987
-2.782848
1.637408
-0.550917
1.826748
2.753087
-1.247662
0.173669
-0.432593
0.370594
-2.265221
-3.583691
-2.961788
0.133019
3.967865
-0.709502
2.398981
3.257061
1.097372
4.241444
-3.371276
-3.998023
-0.942690
-2.941648
0.641600
-2.209564
-0.764295
3.158723
2.589913
1.596193
-0.304995
0.328220
-0.800386
0.937571
-0.085660
-2.939399
1.885827
-0.815214
-0.315669
0.385280
-3.517089
1.430790
-1.127750
-0.732536
2.993289
0.666359
2.538206
1.666090
0.076957
-0.059327
-1.337062
-2.376042
-4.336296
-0.600889
-0.727240
1.251609
2.223245
-0.519511
4.800724
1.968058
-0.593071
0.592862
-4.245390
-0.225476
0.304566
-2.248332
-0.542948
-0.754526
1.967104
1.276653
-0.191153
-1.321193
0.251596
2.191536
-0.359191
1.447189
-0.586381
-0.178183
2.987310
-3.043743
-1.625299
-1.757901
-2.514351
1.593788
-1.061365
1.229273
2.809183
1.798473
2.586174
0.511921
-0.750998
-2.011746
-1.364789
-2.560985
-2.382675
1.365374
-1.184915
1.956587
1.754949
0.128886
3.338050
-1.329877
-0.707398
0.639692
-1.654940
1.324655
-0.886661
-1.287086
0.324204
0.384104
-0.478695
-2.085677
-0.160559
-0.208681
2.276680
1.564858
-0.542992
2.933697
0.188395
0.639396
-0.389615
-5.045349
-0.577847
-1.294333
-1.038948
0.880622
-0.215931
2.789169
2.709873
1.568963
-0.010108
-0.720780
-0.650419
-1.603565
-0.323647
-2.565486
-0.225429
1.815624
-1.426261
2.021716
-0.310967
-0.493347
1.762503
-1.376035
1.111448
0.967925
-0.136830
1.126363
-0.725899
-0.368879
-1.029366
-1.218254
-2.475898
-0.823366
1.491539
-0.041784
2.730649
1.088252
1.080218
3.067825
-1.705340
-0.826586
-2.207969
-2.889780
0.847663
-1.706297
-0.428243
1.172288
1.588738
2.137337
0.526338
-0.085324
-0.842528
0.959456
-0.400680
-1.398316
0.449793
-1.490476
1.516771
-0.019578
-2.524093
1.050075
-1.409700
0.406905
1.388769
-0.322698
2.095842
1.320260
0.863269
0.026862
-1.157216
-1.496405
-2.124596
-0.951715
-2.037149
0.981892
1.333665
0.354248
3.430134
0.379951
1.064076
0.812234
-2.789450
-0.174444
-1.459402
-0.956817
0.207752
-1.312028
0.943161
1.097661
0.634685
-0.571500
0.040238
0.492855
0.077946
1.691443
-1.071873
0.219171
1.469362
-1.575851
0.311968
-2.533566
-1.877301
1.071291
-1.157324
1.119110
1.199472
1.297512
2.543771
0.948264
-0.314141
-1.583288
-0.802438
-1.872966
-1.547902
-0.397919
-1.258811
2.337396
0.735923
0.669825
2.299951
-1.071232
0.889773
-0.260867
-1.589450
0.805460
-0.908781
-0.095257
-0.082269
-0.365462
0.040980
-0.624519
-0.411308
-0.814913
1.513002
0.570821
0.659700
2.110900
-0.678181
1.462910
-0.200744
-2.939386
-0.546234
-2.448691
-0.244791
0.511356
-0.598279
1.882583
1.833336
1.847734
0.725149
-0.315030
-1.014735
-0.995015
-0.088020
-2.359204
-0.235640
0.312827
-0.308960
2.074123
-1.005211
0.405505
1.016473
-0.986401
1.341188
-0.373813
0.010039
1.223803
-0.310207
-0.156317
-0.971475
-0.832527
-1.489580
-0.530049
-0.155929
-0.141788
2.429355
0.450029
1.736912
1.789672
-1.101850
0.751497
-2.150483
-2.316498
-0.050893
-1.691852
0.314195
0.268083
0.842779
1.842000
1.060868
0.345580
-0.571651
0.372015
-0.731434
-0.282937
-0.095543
-1.652365
1.488685
-0.357756
-0.842940
0.485584
-1.790161
1.004953
0.502957
-0.204352
1.594469
0.423207
1.341239
0.605531
-0.827157
-1.384914
-1.322297
-0.920300
-1.829696
0.448034
0.031221
1.027127
2.796281
-0.031433
1.753834
0.265085
-1.440087
0.244626
-2.264774
-0.763603
0.019313
-0.916529
0.707367
0.420572
0.746385
0.083253
0.365582
-0.181816
0.024059
1.141035
-0.777305
0.787571
0.179039
-0.848398
1.014111
-2.316087
-1.011836
-0.121541
-1.126394
1.395647
0.283815
1.025364
2.045294
1.010390
0.495946
-0.930301
-1.008844
-1.667689
-0.758990
-1.165999
-1.224611
1.745656
0.138494
1.582666
1.530142
-0.859778
1.459914
-0.643289
-0.807848
0.203576
-1.371456
0.389082
-0.018924
-0.329535
-0.081838
-0.260294
-0.211188
-0.579495
0.868264
-0.205886
1.117476
1.516772
-0.393299
1.532685
-0.695492
-1.163887
-0.396413
-2.806815
-0.085794
-0.297325
-0.294395
1.575819
0.956574
1.764590
1.151980
0.207266
-0.802280
-0.778422
-0.548692
-1.763887
-0.019420
-0.903630
0.172688
1.799885
-0.877144
1.129671
0.113650
-0.589178
1.423424
-0.782521
0.181098
0.583213
-0.108956
0.373077
-0.767890
-0.804619
-1.132957
-0.237571
-0.709059
-0.163653
1.538669
0.240116
2.270141
1.005658
-0.432652
1.019243
-1.951197
-1.108720
-0.944646
-1.934805
0.546214
-0.216975
0.760471
1.481191
0.951170
0.733376
0.058592
0.062069
-0.994970
0.120997
-0.516940
-1.120222
1.031919
-0.946021
0.397357
0.246945
-1.617580
1.056482
-0.334878
0.244905
1.262685
-0.021685
1.303148
0.676489
-0.205276
-1.003709
-1.139803
-1.052982
-1.392912
0.121363
-0.764747
1.185886
1.953079
0.378457
2.151868
-0.317179
-0.426084
0.260755
-2.227623
-0.429566
-0.856776
-0.680982
0.793971
0.052728
0.690248
0.384481
0.513697
-0.177489
0.187568
0.305575
-0.595034
1.215145
-0.501634
-0.250446
0.767213
-1.923810
-0.036965
-0.935334
-1.090952
1.168535
-0.201155
1.184779
1.478533
0.927030
0.913909
-0.283481
-0.853627
-1.587425
-0.658607
-1.411859
-0.880691
0.883396
-0.270213
2.066193
0.959584
-0.049950
1.429005
-1.039183
0.046343
-0.239223
-1.495457
0.435379
-0.352629
0.032199
0.009170
-0.292002
-0.179118
-0.131702
0.445671
-0.511305
1.161370
0.727046
0.234847
1.614277
-1.107870
-0.100311
-0.517036
-2.406600
-0.025350
-1.159245
-0.090970
1.243935
0.596849
1.710345
1.102856
0.632319
-0.320048
-0.502716
-1.023445
-1.441854
-0.055410
-1.308106
0.418623
0.980437
-0.443401
1.648725
-0.450460
0.051432
0.958235
-0.915424
0.627893
-0.082717
-0.114547
0.651450
-0.557582
-0.577742
-0.926922
-0.324658
-0.882005
0.110522
0.636222
0.141377
2.350296
0.497529
0.495925
0.899200
-1.830821
-0.194560
-1.479297
-1.817990
0.233465
-0.652948
0.905117
1.165216
0.877992
0.903719
0.457917
0.155650
-0.884026
0.024053
-0.980476
-0.510372
0.552036
-1.127698
0.940783
-0.197257
-0.854980
0.946942
-0.984557
0.694595
0.723059
-0.047890
1.337774
0.351974
0.197918
-0.427702
-0.951951
-1.220806
-1.110127
-0.285768
-1.020002
1.274962
0.967187
0.832566
2.293645
-0.475565
0.467547
-0.089670
-1.911007
-0.130868
-1.557750
-0.579746
0.533748
-0.015927
0.787652
0.425291
0.569143
-0.022634
0.398012
-0.162905
-0.439459
1.011432
-0.741361
0.409023
0.180260
-1.416572
0.511004
-1.459805
-0.630223
0.560809
-0.585344
1.465461
0.979712
0.949261
1.098624
0.013646
-0.488403
-1.184697
-0.871204
-1.699542
-0.519622
0.092384
-0.344545
2.141452
0.387398
0.870907
1.317538
-1.103272
0.583760
-0.715478
-1.205273
0.259934
-0.781442
0.259415
0.046002
-0.144079
-0.116759
0.040555
0.163211
-0.465399
1.056127
0.114418
0.725544
1.325744
-0.955747
0.601074
-0.965631
-1.649304
-0.081366
-1.811854
0.151300
0.597251
0.470176
1.837055
0.956042
0.853318
0.143115
-0.240738
-1.168882
-1.149683
-0.503013
-1.453411
0.675783
0.097579
0.044525
1.783917
-0.664032
0.790871
0.399538
-0.890945
0.839581
-0.518829
0.073449
0.483653
-0.452914
-0.264632
-0.699991
-0.390822
-0.946381
0.150522
0.010903
0.287738
2.037120
0.197028
1.329019
0.572992
-1.300225
0.234375
-1.974782
-1.288303
-0.286255
-1.100703
1.041733
0.734371
0.965232
1.149636
0.658051
0.209466
-0.490735
-0.158639
-1.307338
-0.098121
-0.065701
-0.983488
1.174069
-0.726273
